m 0.57279 0.16752 -0.00036
d 0.57133 0.16752 0.01121
d 0.56630 0.16752 0.02182
d 0.55818 0.16752 0.03036
d 0.54788 0.16752 0.03600
d 0.53636 0.16752 0.03818
d 0.52467 0.16752 0.03667
d 0.51406 0.16752 0.03164
d 0.50552 0.16752 0.02358
d 0.49988 0.16752 0.01327
d 0.49770 0.16752 0.00170
d 0.49921 0.16752 -0.00988
d 0.50424 0.16752 -0.02048
d 0.51230 0.16752 -0.02909
d 0.52261 0.16752 -0.03473
d 0.53418 0.16752 -0.03685
d 0.54582 0.16752 -0.03539
d 0.55648 0.16752 -0.03036
d 0.56503 0.16752 -0.02224
d 0.57067 0.16752 -0.01194
d 0.57279 0.16752 -0.00036
m 0.58618 0.17497 -0.00042
d 0.58442 0.17497 0.01388
d 0.57867 0.17497 0.02721
d 0.56945 0.17497 0.03836
d 0.55739 0.17497 0.04648
d 0.54358 0.17497 0.05085
d 0.52909 0.17497 0.05115
d 0.51509 0.17497 0.04739
d 0.50273 0.17497 0.03982
d 0.49303 0.17497 0.02909
d 0.48673 0.17497 0.01606
d 0.48436 0.17497 0.00176
d 0.48612 0.17497 -0.01261
d 0.49182 0.17497 -0.02588
d 0.50109 0.17497 -0.03703
d 0.51309 0.17497 -0.04515
d 0.52691 0.17497 -0.04952
d 0.54139 0.17497 -0.04988
d 0.55539 0.17497 -0.04606
d 0.56776 0.17497 -0.03848
d 0.57745 0.17497 -0.02776
d 0.58376 0.17497 -0.01473
d 0.58618 0.17497 -0.00042
m 0.65830 0.19636 -0.00006
d 0.65648 0.19636 0.02182
d 0.65073 0.19636 0.04315
d 0.64127 0.19636 0.06309
d 0.62842 0.19636 0.08103
d 0.61261 0.19636 0.09636
d 0.59424 0.19636 0.10867
d 0.57400 0.19636 0.11745
d 0.55255 0.19636 0.12248
d 0.53048 0.19636 0.12364
d 0.50861 0.19636 0.12079
d 0.48758 0.19636 0.11412
d 0.46812 0.19636 0.10376
d 0.45079 0.19636 0.09012
d 0.43612 0.19636 0.07358
d 0.42473 0.19636 0.05473
d 0.41685 0.19636 0.03412
d 0.41273 0.19636 0.01242
d 0.41261 0.19636 -0.00958
d 0.41642 0.19636 -0.03133
d 0.42406 0.19636 -0.05200
d 0.43521 0.19636 -0.07103
d 0.44964 0.19636 -0.08776
d 0.46679 0.19636 -0.10158
d 0.48618 0.19636 -0.11218
d 0.50709 0.19636 -0.11915
d 0.52897 0.19636 -0.12224
d 0.55103 0.19636 -0.12139
d 0.57255 0.19636 -0.11661
d 0.59291 0.19636 -0.10806
d 0.61139 0.19636 -0.09600
d 0.62745 0.19636 -0.08085
d 0.64048 0.19636 -0.06309
d 0.65018 0.19636 -0.04327
d 0.65618 0.19636 -0.02206
d 0.65830 0.19636 -0.00006
m 0.94794 0.22176 0.00018
d 0.94600 0.22176 0.04067
d 0.94012 0.22176 0.08073
d 0.93030 0.22176 0.12000
d 0.91673 0.22176 0.15818
d 0.89945 0.22176 0.19479
d 0.87867 0.22176 0.22958
d 0.85455 0.22176 0.26212
d 0.82739 0.22176 0.29212
d 0.79739 0.22176 0.31939
d 0.76491 0.22176 0.34352
d 0.73018 0.22176 0.36442
d 0.69358 0.22176 0.38176
d 0.65545 0.22176 0.39545
d 0.61618 0.22176 0.40533
d 0.57612 0.22176 0.41133
d 0.53570 0.22176 0.41333
d 0.49521 0.22176 0.41139
d 0.45515 0.22176 0.40552
d 0.41588 0.22176 0.39570
d 0.37770 0.22176 0.38206
d 0.34109 0.22176 0.36479
d 0.30630 0.22176 0.34400
d 0.27376 0.22176 0.31994
d 0.24376 0.22176 0.29279
d 0.21648 0.22176 0.26279
d 0.19236 0.22176 0.23030
d 0.17145 0.22176 0.19558
d 0.15412 0.22176 0.15897
d 0.14042 0.22176 0.12085
d 0.13055 0.22176 0.08158
d 0.12461 0.22176 0.04152
d 0.12255 0.22176 0.00109
d 0.12448 0.22176 -0.03933
d 0.13036 0.22176 -0.07939
d 0.14018 0.22176 -0.11873
d 0.15382 0.22176 -0.15685
d 0.17109 0.22176 -0.19345
d 0.19188 0.22176 -0.22824
d 0.21594 0.22176 -0.26079
d 0.24309 0.22176 -0.29085
d 0.27309 0.22176 -0.31806
d 0.30564 0.22176 -0.34224
d 0.34030 0.22176 -0.36309
d 0.37691 0.22176 -0.38042
d 0.41503 0.22176 -0.39412
d 0.45430 0.22176 -0.40400
d 0.49436 0.22176 -0.41000
d 0.53485 0.22176 -0.41200
d 0.57527 0.22176 -0.41006
d 0.61533 0.22176 -0.40418
d 0.65467 0.22176 -0.39436
d 0.69279 0.22176 -0.38079
d 0.72939 0.22176 -0.36352
d 0.76418 0.22176 -0.34273
d 0.79673 0.22176 -0.31861
d 0.82679 0.22176 -0.29145
d 0.85400 0.22176 -0.26145
d 0.87818 0.22176 -0.22897
d 0.89903 0.22176 -0.19424
d 0.91636 0.22176 -0.15764
d 0.93006 0.22176 -0.11952
d 0.93994 0.22176 -0.08024
d 0.94594 0.22176 -0.04018
d 0.94794 0.22176 0.00018
m 0.97861 0.22176 0.00115
d 0.97661 0.22176 0.04267
d 0.97073 0.22176 0.08376
d 0.96103 0.22176 0.12418
d 0.94758 0.22176 0.16352
d 0.93055 0.22176 0.20139
d 0.91000 0.22176 0.23758
d 0.88618 0.22176 0.27158
d 0.85927 0.22176 0.30327
d 0.82945 0.22176 0.33230
d 0.79715 0.22176 0.35836
d 0.76248 0.22176 0.38133
d 0.72582 0.22176 0.40091
d 0.68752 0.22176 0.41703
d 0.64788 0.22176 0.42945
d 0.60721 0.22176 0.43812
d 0.56594 0.22176 0.44291
d 0.52436 0.22176 0.44382
d 0.48291 0.22176 0.44091
d 0.44194 0.22176 0.43406
d 0.40176 0.22176 0.42339
d 0.36273 0.22176 0.40903
d 0.32527 0.22176 0.39109
d 0.28964 0.22176 0.36970
d 0.25612 0.22176 0.34509
d 0.22509 0.22176 0.31745
d 0.19679 0.22176 0.28703
d 0.17145 0.22176 0.25406
d 0.14933 0.22176 0.21885
d 0.13061 0.22176 0.18176
d 0.11539 0.22176 0.14309
d 0.10394 0.22176 0.10315
d 0.09624 0.22176 0.06230
d 0.09236 0.22176 0.02091
d 0.09242 0.22176 -0.02061
d 0.09636 0.22176 -0.06194
d 0.10412 0.22176 -0.10279
d 0.11576 0.22176 -0.14273
d 0.13097 0.22176 -0.18133
d 0.14982 0.22176 -0.21842
d 0.17206 0.22176 -0.25352
d 0.19745 0.22176 -0.28642
d 0.22582 0.22176 -0.31679
d 0.25691 0.22176 -0.34436
d 0.29042 0.22176 -0.36891
d 0.32612 0.22176 -0.39024
d 0.36364 0.22176 -0.40812
d 0.40267 0.22176 -0.42236
d 0.44291 0.22176 -0.43291
d 0.48388 0.22176 -0.43970
d 0.52533 0.22176 -0.44255
d 0.56691 0.22176 -0.44152
d 0.60818 0.22176 -0.43661
d 0.64879 0.22176 -0.42788
d 0.68842 0.22176 -0.41533
d 0.72673 0.22176 -0.39921
d 0.76333 0.22176 -0.37952
d 0.79794 0.22176 -0.35648
d 0.83024 0.22176 -0.33030
d 0.85994 0.22176 -0.30121
d 0.88679 0.22176 -0.26952
d 0.91055 0.22176 -0.23539
d 0.93097 0.22176 -0.19921
d 0.94794 0.22176 -0.16127
d 0.96133 0.22176 -0.12194
d 0.97091 0.22176 -0.08152
d 0.97673 0.22176 -0.04036
d 0.97861 0.22176 0.00115
m 0.99539 0.26000 0.00006
d 0.99352 0.26000 0.04255
d 0.98770 0.26000 0.08467
d 0.97800 0.26000 0.12606
d 0.96455 0.26000 0.16636
d 0.94739 0.26000 0.20527
d 0.92679 0.26000 0.24242
d 0.90279 0.26000 0.27752
d 0.87570 0.26000 0.31024
d 0.84564 0.26000 0.34030
d 0.81297 0.26000 0.36752
d 0.77794 0.26000 0.39158
d 0.74085 0.26000 0.41230
d 0.70200 0.26000 0.42952
d 0.66170 0.26000 0.44309
d 0.62036 0.26000 0.45285
d 0.57824 0.26000 0.45879
d 0.53582 0.26000 0.46079
d 0.49333 0.26000 0.45885
d 0.45121 0.26000 0.45303
d 0.40988 0.26000 0.44339
d 0.36952 0.26000 0.42988
d 0.33061 0.26000 0.41279
d 0.29345 0.26000 0.39212
d 0.25836 0.26000 0.36818
d 0.22564 0.26000 0.34103
d 0.19558 0.26000 0.31103
d 0.16836 0.26000 0.27836
d 0.14430 0.26000 0.24333
d 0.12358 0.26000 0.20624
d 0.10636 0.26000 0.16733
d 0.09279 0.26000 0.12709
d 0.08303 0.26000 0.08570
d 0.07709 0.26000 0.04364
d 0.07509 0.26000 0.00115
d 0.07703 0.26000 -0.04121
d 0.08285 0.26000 -0.08333
d 0.09255 0.26000 -0.12473
d 0.10600 0.26000 -0.16503
d 0.12309 0.26000 -0.20394
d 0.14376 0.26000 -0.24109
d 0.16770 0.26000 -0.27618
d 0.19485 0.26000 -0.30891
d 0.22485 0.26000 -0.33903
d 0.25752 0.26000 -0.36618
d 0.29255 0.26000 -0.39024
d 0.32964 0.26000 -0.41097
d 0.36855 0.26000 -0.42818
d 0.40879 0.26000 -0.44176
d 0.45018 0.26000 -0.45152
d 0.49224 0.26000 -0.45745
d 0.53473 0.26000 -0.45945
d 0.57715 0.26000 -0.45758
d 0.61927 0.26000 -0.45176
d 0.66067 0.26000 -0.44206
d 0.70097 0.26000 -0.42861
d 0.73988 0.26000 -0.41145
d 0.77703 0.26000 -0.39085
d 0.81212 0.26000 -0.36685
d 0.84485 0.26000 -0.33976
d 0.87497 0.26000 -0.30970
d 0.90212 0.26000 -0.27703
d 0.92618 0.26000 -0.24200
d 0.94691 0.26000 -0.20491
d 0.96412 0.26000 -0.16606
d 0.97770 0.26000 -0.12576
d 0.98745 0.26000 -0.08442
d 0.99339 0.26000 -0.04230
d 0.99539 0.26000 0.00006
m 0.68242 0.29182 -0.00121
d 0.68073 0.29182 0.02297
d 0.67509 0.29182 0.04661
d 0.66558 0.29182 0.06897
d 0.65255 0.29182 0.08952
d 0.63636 0.29182 0.10758
d 0.61733 0.29182 0.12279
d 0.59612 0.29182 0.13461
d 0.57327 0.29182 0.14279
d 0.54933 0.29182 0.14715
d 0.52503 0.29182 0.14745
d 0.50103 0.29182 0.14376
d 0.47794 0.29182 0.13618
d 0.45636 0.29182 0.12491
d 0.43703 0.29182 0.11018
d 0.42030 0.29182 0.09255
d 0.40673 0.29182 0.07236
d 0.39673 0.29182 0.05024
d 0.39042 0.29182 0.02673
d 0.38812 0.29182 0.00255
d 0.38982 0.29182 -0.02164
d 0.39545 0.29182 -0.04527
d 0.40491 0.29182 -0.06764
d 0.41794 0.29182 -0.08818
d 0.43418 0.29182 -0.10624
d 0.45315 0.29182 -0.12145
d 0.47436 0.29182 -0.13327
d 0.49727 0.29182 -0.14152
d 0.52115 0.29182 -0.14582
d 0.54545 0.29182 -0.14612
d 0.56952 0.29182 -0.14242
d 0.59261 0.29182 -0.13485
d 0.61412 0.29182 -0.12358
d 0.63352 0.29182 -0.10891
d 0.65018 0.29182 -0.09121
d 0.66376 0.29182 -0.07103
d 0.67382 0.29182 -0.04891
d 0.68006 0.29182 -0.02545
d 0.68242 0.29182 -0.00121
m 0.53697 0.30079 -0.10176
d 0.53697 0.30079 -0.10176
d 0.55800 0.30079 -0.09909
d 0.57806 0.30079 -0.09212
d 0.59618 0.30079 -0.08121
d 0.61164 0.30079 -0.06685
d 0.62382 0.30079 -0.04958
d 0.63218 0.30079 -0.03018
d 0.63630 0.30079 -0.00958
d 0.63612 0.30079 0.01139
d 0.63164 0.30079 0.03194
d 0.62297 0.30079 0.05109
d 0.61061 0.30079 0.06800
d 0.59503 0.30079 0.08194
d 0.57697 0.30079 0.09242
d 0.55709 0.30079 0.09891
d 0.53636 0.30079 0.10121
d 0.51855 0.30018 0.09958
d 0.50176 0.29891 0.09600
d 0.48297 0.29745 0.09036
d 0.45630 0.29545 0.07970
d 0.43364 0.29370 0.06503
d 0.41539 0.29230 0.04891
d 0.40461 0.29145 0.03279
d 0.39873 0.29103 0.01673
d 0.39630 0.29085 0.00673
d 0.39636 0.29085 -0.00073
d 0.39745 0.29091 -0.01430
d 0.40442 0.29145 -0.03176
d 0.41594 0.29236 -0.04976
d 0.42988 0.29339 -0.06424
d 0.44873 0.29485 -0.07618
d 0.47006 0.29648 -0.08806
d 0.49139 0.29812 -0.09552
d 0.51515 0.29994 -0.09988
d 0.53648 0.30158 -0.10176
m 0.46291 0.33509 -0.04200
d 0.49806 0.33509 -0.04182
d 0.49806 0.33509 -0.04182
d 0.51091 0.33509 -0.05018
d 0.52558 0.33509 -0.05473
d 0.54085 0.33509 -0.05515
d 0.55564 0.33509 -0.05145
d 0.56885 0.33509 -0.04394
d 0.57952 0.33509 -0.03315
d 0.58691 0.33509 -0.01994
d 0.59042 0.33509 -0.00521
d 0.58982 0.33509 0.00976
d 0.58527 0.33509 0.02412
d 0.57697 0.33509 0.03661
d 0.56564 0.33509 0.04642
d 0.55218 0.33509 0.05279
d 0.53745 0.33509 0.05527
d 0.52267 0.33509 0.05376
d 0.50891 0.33509 0.04830
d 0.49709 0.33509 0.03933
d 0.46345 0.33509 0.03915
d 0.46388 0.33509 -0.04200
d 0.46982 0.35552 -0.03697
d 0.53661 0.35552 -0.03709
d 0.53661 0.35552 -0.03709
d 0.54600 0.35552 -0.03527
d 0.55461 0.35552 -0.03115
d 0.56182 0.35552 -0.02503
d 0.56721 0.35552 -0.01733
d 0.57042 0.35552 -0.00861
d 0.57139 0.35552 0.00048
d 0.56994 0.35552 0.00958
d 0.56636 0.35552 0.01788
d 0.56079 0.35552 0.02497
d 0.55364 0.35552 0.03042
d 0.54545 0.35552 0.03382
d 0.53673 0.35552 0.03503
d 0.46994 0.35552 0.03467
d 0.47030 0.35552 -0.03697
m 0.46994 0.35552 0.03418
d 0.46394 0.33509 0.03915
m 0.56564 0.35552 -0.00036
d 0.56442 0.35552 0.00903
d 0.56042 0.35552 0.01764
d 0.55394 0.35552 0.02461
d 0.54564 0.35552 0.02915
d 0.53630 0.35552 0.03097
d 0.52685 0.35552 0.02982
d 0.51824 0.35552 0.02582
d 0.51133 0.35552 0.01933
d 0.50673 0.35552 0.01103
d 0.50491 0.35552 0.00170
d 0.50606 0.35552 -0.00770
d 0.51006 0.35552 -0.01630
d 0.51655 0.35552 -0.02327
d 0.52491 0.35552 -0.02788
d 0.53418 0.35552 -0.02970
d 0.54364 0.35552 -0.02848
d 0.55224 0.35552 -0.02448
d 0.55921 0.35552 -0.01800
d 0.56382 0.35552 -0.00970
d 0.56564 0.35552 -0.00036
m 0.55921 0.35552 -0.00139
d 0.55867 0.35552 0.00606
d 0.55582 0.35552 0.01303
d 0.55103 0.35552 0.01879
d 0.54461 0.35552 0.02273
d 0.53733 0.35552 0.02455
d 0.52982 0.35552 0.02406
d 0.52285 0.35552 0.02121
d 0.51709 0.35552 0.01636
d 0.51315 0.35552 0.01000
d 0.51133 0.35552 0.00273
d 0.51188 0.35552 -0.00473
d 0.51467 0.35552 -0.01170
d 0.51952 0.35552 -0.01745
d 0.52588 0.35552 -0.02145
d 0.53315 0.35552 -0.02327
d 0.54067 0.35552 -0.02273
d 0.54764 0.35552 -0.01988
d 0.55339 0.35552 -0.01509
d 0.55739 0.35552 -0.00867
d 0.55921 0.35552 -0.00139
m 0.49673 0.33448 -0.04182
d 0.50170 0.33994 -0.04030
d 0.51055 0.34539 -0.03873
d 0.51945 0.35036 -0.03770
d 0.53624 0.35533 -0.03709
m 0.49727 0.33448 0.03879
d 0.50218 0.33994 0.03782
d 0.51055 0.34539 0.03588
d 0.51897 0.35036 0.03545
d 0.53576 0.35485 0.03448
m 0.53527 0.30079 -0.10097
d 0.53527 0.29830 -0.12042
d 0.53527 0.29182 -0.14685
d 0.53527 0.28388 -0.17327
d 0.53527 0.27594 -0.21067
d 0.53527 0.27194 -0.24206
d 0.53527 0.26697 -0.28691
d 0.53527 0.26352 -0.31933
d 0.53527 0.25903 -0.36770
d 0.53527 0.26000 -0.46194
d 0.53527 0.22721 -0.45588
d 0.53527 0.22024 -0.44339
d 0.53527 0.22121 -0.41152
d 0.53527 0.23018 -0.39158
d 0.53527 0.23515 -0.36418
d 0.53527 0.23467 -0.33527
d 0.53527 0.23315 -0.30830
d 0.53527 0.22970 -0.27242
d 0.53527 0.22473 -0.23255
d 0.53527 0.21824 -0.20309
d 0.53527 0.21279 -0.17170
d 0.53527 0.20430 -0.14127
d 0.53527 0.19588 -0.12285
d 0.53527 0.18842 -0.10733
d 0.53527 0.18297 -0.09188
d 0.53527 0.17648 -0.06945
d 0.53527 0.17448 -0.05048
d 0.53527 0.16655 -0.05000
d 0.53527 0.16606 -0.03703
d 0.53527 0.16606 -0.03703
d 0.53527 0.16024 -0.03248
d 0.53527 0.15527 -0.02709
d 0.53527 0.15121 -0.02091
d 0.53527 0.14824 -0.01412
d 0.53527 0.14636 -0.00697
d 0.53527 0.14570 0.00036
d 0.53527 0.14618 0.00776
d 0.53527 0.14794 0.01503
d 0.53527 0.15079 0.02194
d 0.53527 0.15479 0.02830
d 0.53527 0.15976 0.03394
d 0.53527 0.16558 0.03867
d 0.53527 0.16558 0.05164
d 0.53527 0.17448 0.05115
d 0.53527 0.17600 0.06806
d 0.53527 0.17945 0.08503
d 0.53527 0.18545 0.10297
d 0.53527 0.19491 0.12442
d 0.53527 0.20382 0.14436
d 0.53527 0.21279 0.17473
d 0.53527 0.21927 0.20515
d 0.53527 0.22570 0.23606
d 0.53527 0.23315 0.27594
d 0.53527 0.23618 0.30885
d 0.53527 0.23812 0.33727
d 0.53527 0.23915 0.36267
d 0.53527 0.23515 0.38909
d 0.53527 0.22970 0.40503
d 0.53527 0.22273 0.41352
d 0.53527 0.22176 0.44545
d 0.53527 0.22867 0.45691
d 0.53527 0.25952 0.46139
d 0.53527 0.26000 0.38309
d 0.53527 0.26400 0.32079
d 0.53527 0.26945 0.26242
d 0.53527 0.27491 0.22206
d 0.53527 0.28042 0.19261
d 0.53527 0.28636 0.16321
d 0.53527 0.29182 0.14624
d 0.53527 0.29630 0.13030
d 0.53527 0.29933 0.11382
d 0.53527 0.30030 0.10188
d 0.53527 0.30030 0.10188
d 0.53527 0.30564 0.10061
d 0.53527 0.31073 0.09873
d 0.53527 0.31545 0.09624
d 0.53527 0.31988 0.09315
d 0.53527 0.32376 0.08958
d 0.53527 0.32715 0.08558
d 0.53527 0.33000 0.08115
d 0.53527 0.33218 0.07648
d 0.53527 0.33376 0.07158
d 0.53527 0.33473 0.06655
d 0.53527 0.33497 0.06145
d 0.53527 0.33461 0.05648
m 0.53527 0.33461 0.05497
d 0.53527 0.33461 0.05497
d 0.53527 0.33727 0.05436
d 0.53527 0.33994 0.05339
d 0.53527 0.34248 0.05218
d 0.53527 0.34491 0.05067
d 0.53527 0.34715 0.04891
d 0.53527 0.34921 0.04685
d 0.53527 0.35103 0.04455
d 0.53527 0.35261 0.04206
d 0.53527 0.35394 0.03933
d 0.53527 0.35491 0.03655
d 0.53527 0.35564 0.03358
d 0.53527 0.35600 0.03048
m 0.55570 0.36048 -0.00042
d 0.55485 0.36048 0.00582
d 0.55206 0.36048 0.01152
d 0.54770 0.36048 0.01612
d 0.54206 0.36048 0.01909
d 0.53582 0.36048 0.02024
d 0.52952 0.36048 0.01933
d 0.52382 0.36048 0.01655
d 0.51921 0.36048 0.01218
d 0.51624 0.36048 0.00655
d 0.51515 0.36048 0.00030
d 0.51600 0.36048 -0.00594
d 0.51879 0.36048 -0.01164
d 0.52315 0.36048 -0.01618
d 0.52879 0.36048 -0.01921
d 0.53503 0.36048 -0.02030
d 0.54133 0.36048 -0.01945
d 0.54703 0.36048 -0.01667
d 0.55164 0.36048 -0.01224
d 0.55461 0.36048 -0.00667
d 0.55570 0.36048 -0.00042
m 0.53527 0.35552 0.03048
d 0.53527 0.35497 0.02455
d 0.53527 0.36048 0.02400
d 0.53527 0.36048 0.02006
d 0.53527 0.36048 0.02006
d 0.53527 0.36297 0.01721
d 0.53527 0.36509 0.01412
d 0.53527 0.36685 0.01073
d 0.53527 0.36806 0.00715
d 0.53527 0.36885 0.00339
d 0.53527 0.36915 -0.00036
d 0.53527 0.36891 -0.00418
d 0.53527 0.36812 -0.00800
d 0.53527 0.36691 -0.01164
d 0.53527 0.36521 -0.01515
d 0.53527 0.36303 -0.01836
d 0.53527 0.36048 -0.02127
d 0.53527 0.36048 -0.02430
d 0.53527 0.35552 -0.02430
d 0.53527 0.35497 -0.02976
d 0.53527 0.35497 -0.02976
d 0.53527 0.35479 -0.03267
d 0.53527 0.35424 -0.03558
d 0.53527 0.35339 -0.03842
d 0.53527 0.35224 -0.04115
d 0.53527 0.35085 -0.04370
d 0.53527 0.34915 -0.04612
d 0.53527 0.34721 -0.04836
d 0.53527 0.34503 -0.05036
d 0.53527 0.34267 -0.05206
d 0.53527 0.34012 -0.05358
d 0.53527 0.33739 -0.05479
d 0.53527 0.33461 -0.05564
d 0.53527 0.33461 -0.05564
d 0.53527 0.33497 -0.06048
d 0.53527 0.33467 -0.06539
d 0.53527 0.33382 -0.07030
d 0.53527 0.33230 -0.07515
d 0.53527 0.33018 -0.07988
d 0.53527 0.32739 -0.08430
d 0.53527 0.32406 -0.08848
d 0.53527 0.32018 -0.09224
d 0.53527 0.31582 -0.09552
d 0.53527 0.31103 -0.09830
d 0.53527 0.30582 -0.10048
d 0.53527 0.30030 -0.10200
m 0.04558 0.26830 -0.01315
d 0.11188 0.26830 -0.01327
d 0.11188 0.26830 -0.01327
d 0.11533 0.26830 -0.02400
d 0.12097 0.26830 -0.03382
d 0.12861 0.26830 -0.04230
d 0.13782 0.26830 -0.04909
d 0.14836 0.26830 -0.05388
d 0.15976 0.26830 -0.05636
d 0.17145 0.26830 -0.05642
d 0.18297 0.26830 -0.05412
d 0.19382 0.26830 -0.04939
d 0.20358 0.26830 -0.04248
d 0.21170 0.26830 -0.03364
d 0.21782 0.26830 -0.02327
d 0.24903 0.26830 -0.02309
d 0.24830 0.26830 0.01994
d 0.21709 0.26830 0.02030
d 0.21709 0.26830 0.02030
d 0.21145 0.26830 0.03097
d 0.20364 0.26830 0.04024
d 0.19406 0.26830 0.04764
d 0.18315 0.26830 0.05279
d 0.17139 0.26830 0.05552
d 0.15939 0.26830 0.05570
d 0.14758 0.26830 0.05333
d 0.13655 0.26830 0.04855
d 0.12679 0.26830 0.04145
d 0.11879 0.26830 0.03255
d 0.11285 0.26830 0.02212
d 0.10927 0.26830 0.01073
d 0.04545 0.26830 0.01085
d 0.04509 0.26830 -0.01364
d 0.05273 0.23824 -0.00867
d 0.05273 0.23830 0.00321
d 0.04473 0.26770 0.01061
m 0.24836 0.26812 0.00061
d 0.24885 0.26364 0.00061
d 0.27848 0.26673 0.00061
d 0.30612 0.27121 0.00061
d 0.33921 0.27624 0.00061
d 0.36194 0.28176 0.00061
d 0.39655 0.29121 0.00061
d 0.40442 0.30164 0.00061
d 0.41230 0.30958 0.00061
d 0.42364 0.31848 0.00061
d 0.44436 0.32939 0.00061
d 0.45424 0.33291 0.00061
d 0.46315 0.33442 0.00061
m 0.50958 0.35576 0.00061
d 0.50952 0.36024 0.00061
d 0.51545 0.36024 0.00061
d 0.51545 0.36024 0.00061
d 0.51836 0.36242 0.00061
d 0.52152 0.36418 0.00061
d 0.52479 0.36564 0.00061
d 0.52824 0.36661 0.00061
d 0.53176 0.36721 0.00061
d 0.53533 0.36733 0.00061
d 0.53885 0.36709 0.00061
d 0.54230 0.36642 0.00061
d 0.54564 0.36533 0.00061
d 0.54885 0.36388 0.00061
d 0.55182 0.36200 0.00061
d 0.55448 0.35988 0.00061
d 0.55848 0.35939 0.00061
d 0.55848 0.35539 0.00061
d 0.56491 0.35497 0.00061
d 0.56491 0.35497 0.00061
d 0.56788 0.35461 0.00061
d 0.57079 0.35394 0.00061
d 0.57364 0.35297 0.00061
d 0.57630 0.35176 0.00061
d 0.57879 0.35024 0.00061
d 0.58115 0.34855 0.00061
d 0.58327 0.34661 0.00061
d 0.58515 0.34455 0.00061
d 0.58679 0.34224 0.00061
d 0.58818 0.33988 0.00061
d 0.58927 0.33733 0.00061
d 0.59012 0.33473 0.00061
d 0.59012 0.33473 0.00061
d 0.59497 0.33503 0.00061
d 0.59988 0.33473 0.00061
d 0.60479 0.33376 0.00061
d 0.60958 0.33224 0.00061
d 0.61418 0.33012 0.00061
d 0.61855 0.32739 0.00061
d 0.62255 0.32412 0.00061
d 0.62624 0.32036 0.00061
d 0.62939 0.31612 0.00061
d 0.63206 0.31152 0.00061
d 0.63418 0.30655 0.00061
d 0.63570 0.30127 0.00061
d 0.64800 0.29885 0.00061
d 0.65739 0.29691 0.00061
d 0.67224 0.29448 0.00061
d 0.68164 0.29152 0.00061
d 0.70836 0.28418 0.00061
d 0.73800 0.27733 0.00061
d 0.77115 0.27297 0.00061
d 0.81709 0.26721 0.00061
d 0.86703 0.26236 0.00061
d 0.92582 0.25958 0.00061
d 0.99448 0.25976 0.00061
d 0.98618 0.22612 0.00061
d 0.97879 0.22115 0.00061
d 0.94715 0.22158 0.00061
d 0.93479 0.22745 0.00061
d 0.90758 0.23430 0.00061
d 0.87794 0.23521 0.00061
d 0.83988 0.23412 0.00061
d 0.79939 0.23055 0.00061
d 0.76230 0.22406 0.00061
d 0.72679 0.21752 0.00061
d 0.67691 0.20255 0.00061
d 0.65667 0.19461 0.00061
d 0.63345 0.18515 0.00061
d 0.60873 0.17715 0.00061
d 0.59539 0.17564 0.00061
d 0.58655 0.17467 0.00061
d 0.58655 0.16673 0.00061
d 0.57170 0.16673 0.00061
d 0.57170 0.16673 0.00061
d 0.56721 0.16103 0.00061
d 0.56182 0.15618 0.00061
d 0.55576 0.15230 0.00061
d 0.54909 0.14939 0.00061
d 0.54206 0.14770 0.00061
d 0.53485 0.14709 0.00061
d 0.52764 0.14770 0.00061
d 0.52061 0.14952 0.00061
d 0.51400 0.15242 0.00061
d 0.50794 0.15636 0.00061
d 0.50255 0.16127 0.00061
d 0.49806 0.16697 0.00061
d 0.48376 0.16697 0.00061
d 0.48273 0.17485 0.00061
d 0.46939 0.17630 0.00061
d 0.45061 0.18073 0.00061
d 0.43133 0.18709 0.00061
d 0.40958 0.19642 0.00061
d 0.39424 0.19933 0.00061
m 0.19939 0.26345 -0.00079
d 0.19739 0.26345 0.00964
d 0.19218 0.26345 0.01897
d 0.18436 0.26345 0.02630
d 0.17467 0.26345 0.03079
d 0.16406 0.26345 0.03212
d 0.15358 0.26345 0.03006
d 0.14424 0.26345 0.02491
d 0.13697 0.26345 0.01709
d 0.13242 0.26345 0.00739
d 0.13115 0.26345 -0.00315
d 0.13315 0.26345 -0.01364
d 0.13836 0.26345 -0.02303
d 0.14618 0.26345 -0.03030
d 0.15582 0.26345 -0.03479
d 0.16642 0.26345 -0.03612
d 0.17697 0.26345 -0.03406
d 0.18630 0.26345 -0.02891
d 0.19358 0.26345 -0.02109
d 0.19812 0.26345 -0.01139
d 0.19939 0.26345 -0.00079
m 0.04988 0.26515 0.01036
d 0.06400 0.26018 0.06109
d 0.16697 0.26073 0.05509
d 0.16697 0.26073 0.05509
d 0.16042 0.26079 0.05497
d 0.15394 0.26085 0.05412
d 0.14758 0.26103 0.05248
d 0.14145 0.26127 0.05012
d 0.13564 0.26152 0.04703
d 0.13024 0.26194 0.04327
d 0.12527 0.26236 0.03891
d 0.12085 0.26285 0.03400
d 0.11709 0.26333 0.02861
d 0.11394 0.26394 0.02279
d 0.11152 0.26455 0.01661
d 0.10976 0.26515 0.01018
d 0.04988 0.26509 0.01091
m 0.05000 0.26558 -0.01309
d 0.11139 0.26552 -0.01382
d 0.11139 0.26552 -0.01382
d 0.11315 0.26473 -0.01976
d 0.11552 0.26400 -0.02552
d 0.11855 0.26333 -0.03097
d 0.12218 0.26267 -0.03606
d 0.12636 0.26212 -0.04067
d 0.13103 0.26158 -0.04485
d 0.13612 0.26115 -0.04848
d 0.14164 0.26073 -0.05152
d 0.14745 0.26042 -0.05394
d 0.15352 0.26024 -0.05570
d 0.15976 0.26006 -0.05673
d 0.16606 0.26006 -0.05709
d 0.06418 0.25903 -0.06515
d 0.04903 0.26558 -0.01309
d 0.05636 0.24121 -0.00867
d 0.06552 0.24242 -0.05248
d 0.06455 0.25879 -0.06545
m 0.04933 0.26521 0.01012
d 0.05606 0.24176 0.00418
d 0.06539 0.24503 0.05000
d 0.06448 0.26000 0.05939
m 0.46927 0.35273 0.00048
d 0.46915 0.35242 -0.00145
d 0.46885 0.35152 -0.00327
d 0.46842 0.35006 -0.00467
d 0.46782 0.34824 -0.00564
d 0.46721 0.34624 -0.00594
d 0.46661 0.34424 -0.00558
d 0.46600 0.34248 -0.00467
d 0.46558 0.34103 -0.00321
d 0.46527 0.34012 -0.00145
d 0.46521 0.33982 0.00048
d 0.46527 0.34012 0.00248
d 0.46558 0.34103 0.00430
d 0.46600 0.34248 0.00576
d 0.46661 0.34430 0.00667
d 0.46721 0.34630 0.00697
d 0.46788 0.34830 0.00667
d 0.46842 0.35012 0.00570
d 0.46885 0.35152 0.00430
d 0.46915 0.35242 0.00248
d 0.46927 0.35273 0.00048
m -0.04297 0.12006 -0.00861
d 0.00648 0.12218 -0.01788
d 0.15842 0.12261 -0.01758
d 0.20739 0.11679 -0.00879
d 0.20776 0.11630 0.00618
d 0.15873 0.12261 0.01600
d 0.00685 0.12267 0.01364
d -0.04303 0.12006 0.00588
d -0.04297 0.12006 -0.00812
m -0.04248 0.12006 -0.00861
d 0.00703 0.12218 -0.02588
d 0.12339 0.12200 -0.03927
d 0.21297 0.11085 -0.04333
d 0.22121 0.11630 -0.00067
d 0.21255 0.11085 0.03782
d 0.12200 0.12152 0.03782
d 0.00679 0.12267 0.02370
d -0.04309 0.12006 0.00691
m -0.06921 0.09873 -0.00921
d 0.00655 0.10188 -0.02588
d 0.12194 0.09830 -0.04030
d 0.21297 0.09655 -0.04285
d 0.22115 0.09164 -0.00018
d 0.21158 0.09703 0.03879
d 0.12152 0.09879 0.03830
d 0.00679 0.10242 0.02370
d -0.06927 0.09873 0.00576
d -0.06921 0.09873 -0.00873
m 0.21345 0.11133 -0.04297
d 0.21345 0.09691 -0.04297
m 0.21448 0.10885 -0.03800
d 0.22067 0.11285 -0.00806
d 0.22073 0.09497 -0.00758
d 0.21479 0.09842 -0.03648
d 0.21467 0.10885 -0.03697
m 0.21897 0.11333 0.00630
d 0.21309 0.10933 0.03224
d 0.21285 0.09842 0.03327
d 0.21897 0.09442 0.00636
d 0.21909 0.11333 0.00582
m 0.21182 0.11133 0.03776
d 0.21158 0.09745 0.03873
m 0.39376 0.19933 0.00582
d 0.34582 0.19970 0.00582
d 0.20661 0.13406 0.00582
d 0.20667 0.11630 0.00582
m 0.20667 0.09309 0.00582
d 0.20576 0.07182 0.00582
m 0.39030 0.19933 -0.01061
d 0.34485 0.19970 -0.01061
d 0.20661 0.13406 -0.01061
d 0.20667 0.11630 -0.01061
m 0.20667 0.09358 -0.01061
d 0.20576 0.07182 -0.01061
m -0.06945 0.09824 -0.01061
d 0.07255 0.22115 -0.01061
d 0.12145 0.22182 -0.01061
d 0.13527 0.22630 -0.01061
d 0.14412 0.23127 -0.01061
d 0.15848 0.23521 -0.01061
d 0.17970 0.23679 -0.01061
d 0.19109 0.23533 -0.01061
d 0.20539 0.23485 -0.01061
d 0.22321 0.23345 -0.01061
d 0.24152 0.23248 -0.01061
d 0.25830 0.23006 -0.01061
d 0.27558 0.22715 -0.01061
d 0.29042 0.22473 -0.01061
d 0.31170 0.22085 -0.01061
d 0.33739 0.21497 -0.01061
d 0.35273 0.21158 -0.01061
d 0.37000 0.20812 -0.01061
d 0.39424 0.19982 -0.01061
m -0.06897 0.09824 0.00630
d 0.07352 0.22018 0.00630
d 0.12442 0.22133 0.00630
d 0.13430 0.22630 0.00630
d 0.14467 0.23127 0.00630
d 0.15945 0.23473 0.00630
d 0.18121 0.23630 0.00630
d 0.19552 0.23582 0.00630
d 0.24048 0.23297 0.00630
d 0.28103 0.22618 0.00630
d 0.37000 0.20715 0.00630
d 0.39521 0.19885 0.00630
m 0.26024 0.05867 -0.00055
d 0.26024 0.05667 -0.01533
d 0.26024 0.05097 -0.02909
d 0.26024 0.04188 -0.04097
d 0.26024 0.03000 -0.05000
d 0.26024 0.01618 -0.05570
d 0.26024 0.00139 -0.05764
d 0.26024 -0.01333 -0.05570
d 0.26024 -0.02709 -0.04994
d 0.26024 -0.03897 -0.04085
d 0.26024 -0.04800 -0.02903
d 0.26024 -0.05370 -0.01521
d 0.26024 -0.05564 -0.00042
d 0.26024 -0.05370 0.01430
d 0.26024 -0.04794 0.02812
d 0.26024 -0.03885 0.03994
d 0.26024 -0.02703 0.04903
d 0.26024 -0.01321 0.05473
d 0.26024 0.00152 0.05667
d 0.26024 0.01630 0.05467
d 0.26024 0.03012 0.04897
d 0.26024 0.04194 0.03988
d 0.26024 0.05103 0.02800
d 0.26024 0.05673 0.01418
d 0.26024 0.05867 -0.00055
m 0.19545 -0.07255 0.01752
d 0.19545 -0.07255 0.01752
d 0.19545 -0.07061 0.02400
d 0.19545 -0.06812 0.03024
d 0.19545 -0.06503 0.03624
d 0.19545 -0.06145 0.04200
d 0.19545 -0.05739 0.04739
d 0.19545 -0.05285 0.05236
d 0.19545 -0.04794 0.05691
d 0.19545 -0.04261 0.06103
d 0.19545 -0.03691 0.06467
d 0.19545 -0.03097 0.06776
d 0.19545 -0.02479 0.07030
d 0.19545 -0.01836 0.07230
d 0.19545 -0.01836 0.07230
d 0.19545 -0.01685 0.07673
d 0.19545 -0.01436 0.08061
d 0.19545 -0.01109 0.08364
d 0.19545 -0.00733 0.08582
d 0.19545 -0.00327 0.08697
d 0.19545 0.00079 0.08709
d 0.19545 0.00467 0.08624
d 0.19545 0.00812 0.08455
d 0.19545 0.01097 0.08218
d 0.19545 0.01309 0.07927
d 0.19545 0.01442 0.07606
d 0.19545 0.01491 0.07273
d 0.19545 0.01491 0.07273
d 0.19545 0.03103 0.06776
d 0.19545 0.04558 0.05927
d 0.19545 0.05788 0.04776
d 0.19545 0.06733 0.03376
d 0.19545 0.07333 0.01794
d 0.19545 0.07564 0.00121
d 0.19545 0.07418 -0.01558
d 0.19545 0.06891 -0.03164
d 0.19545 0.06024 -0.04612
d 0.19545 0.04848 -0.05824
d 0.19545 0.03424 -0.06752
d 0.19545 0.01836 -0.07327
d 0.19545 0.01836 -0.07327
d 0.19545 0.01745 -0.07745
d 0.19545 0.01558 -0.08133
d 0.19545 0.01285 -0.08467
d 0.19545 0.00933 -0.08721
d 0.19545 0.00521 -0.08891
d 0.19545 0.00085 -0.08952
d 0.19545 -0.00352 -0.08909
d 0.19545 -0.00770 -0.08758
d 0.19545 -0.01145 -0.08509
d 0.19545 -0.01455 -0.08170
d 0.19545 -0.01673 -0.07770
d 0.19545 -0.01788 -0.07321
d 0.19545 -0.01788 -0.07321
d 0.19545 -0.02430 -0.07127
d 0.19545 -0.03055 -0.06873
d 0.19545 -0.03655 -0.06558
d 0.19545 -0.04224 -0.06200
d 0.19545 -0.04758 -0.05788
d 0.19545 -0.05255 -0.05327
d 0.19545 -0.05703 -0.04824
d 0.19545 -0.06109 -0.04285
d 0.19545 -0.06467 -0.03715
d 0.19545 -0.06770 -0.03109
d 0.19545 -0.07018 -0.02485
d 0.19545 -0.07206 -0.01836
d 0.19545 -0.07206 -0.01836
d 0.19545 -0.07606 -0.01733
d 0.19545 -0.07970 -0.01539
d 0.19545 -0.08279 -0.01267
d 0.19545 -0.08515 -0.00927
d 0.19545 -0.08667 -0.00545
d 0.19545 -0.08727 -0.00139
d 0.19545 -0.08691 0.00267
d 0.19545 -0.08564 0.00661
d 0.19545 -0.08345 0.01012
d 0.19545 -0.08055 0.01303
d 0.19545 -0.07703 0.01521
d 0.19545 -0.07309 0.01648
m 0.14152 -0.02685 -0.09418
d 0.14152 -0.02685 -0.09418
d 0.14152 -0.03448 -0.09152
d 0.14152 -0.04188 -0.08824
d 0.14152 -0.04897 -0.08442
d 0.14152 -0.05570 -0.08000
d 0.14152 -0.06206 -0.07503
d 0.14152 -0.06800 -0.06952
d 0.14152 -0.07345 -0.06358
d 0.14152 -0.07842 -0.05721
d 0.14152 -0.08279 -0.05042
d 0.14152 -0.08661 -0.04333
d 0.14152 -0.08988 -0.03594
d 0.14152 -0.09248 -0.02830
d 0.19509 -0.07206 -0.01885
m 0.19509 -0.07206 0.01697
d 0.14030 -0.09248 0.02800
d 0.14030 -0.09248 0.02800
d 0.14030 -0.08976 0.03552
d 0.14030 -0.08642 0.04279
d 0.14030 -0.08255 0.04976
d 0.14030 -0.07806 0.05636
d 0.14030 -0.07309 0.06261
d 0.14030 -0.06764 0.06842
d 0.14030 -0.06170 0.07376
d 0.14030 -0.05539 0.07855
d 0.14030 -0.04867 0.08285
d 0.14030 -0.04164 0.08661
d 0.14030 -0.03436 0.08970
d 0.14030 -0.02685 0.09224
d 0.19461 -0.01788 0.07176
m 0.19461 0.01539 0.07176
d 0.14061 0.02685 0.09315
d 0.14061 0.02685 0.09315
d 0.14061 0.04497 0.08618
d 0.14061 0.06133 0.07570
d 0.14061 0.07527 0.06218
d 0.14061 0.08624 0.04612
d 0.14061 0.09382 0.02824
d 0.14061 0.09770 0.00915
d 0.14061 0.09770 -0.01018
d 0.14061 0.09382 -0.02927
d 0.14061 0.08624 -0.04715
d 0.14061 0.07527 -0.06321
d 0.14061 0.06133 -0.07673
d 0.14061 0.04497 -0.08721
d 0.14061 0.02685 -0.09424
d 0.19497 0.01885 -0.07479
m 0.19497 -0.01788 -0.07424
d 0.14061 -0.02685 -0.09418
m 0.19552 0.01497 0.07024
d 0.19552 0.01497 0.07024
d 0.19915 0.01461 0.07024
d 0.20273 0.01327 0.07024
d 0.20594 0.01109 0.07024
d 0.20855 0.00806 0.07024
d 0.21030 0.00442 0.07024
d 0.21109 0.00030 0.07024
d 0.21085 -0.00388 0.07024
d 0.20952 -0.00800 0.07024
d 0.20709 -0.01176 0.07024
d 0.20376 -0.01485 0.07024
d 0.19964 -0.01703 0.07024
d 0.19509 -0.01806 0.07024
m 0.19600 0.01794 -0.07176
d 0.19600 0.01794 -0.07176
d 0.20036 0.01733 -0.07176
d 0.20442 0.01564 -0.07176
d 0.20800 0.01297 -0.07176
d 0.21079 0.00945 -0.07176
d 0.21261 0.00533 -0.07176
d 0.21333 0.00091 -0.07176
d 0.21291 -0.00358 -0.07176
d 0.21133 -0.00788 -0.07176
d 0.20873 -0.01164 -0.07176
d 0.20527 -0.01461 -0.07176
d 0.20109 -0.01667 -0.07176
d 0.19655 -0.01758 -0.07176
m 0.19473 -0.07158 0.01685
d 0.19473 -0.07158 0.01685
d 0.19933 -0.07158 0.01600
d 0.20352 -0.07158 0.01406
d 0.20709 -0.07158 0.01109
d 0.20976 -0.07158 0.00739
d 0.21139 -0.07158 0.00315
d 0.21188 -0.07158 -0.00127
d 0.21127 -0.07158 -0.00570
d 0.20958 -0.07158 -0.00982
d 0.20691 -0.07158 -0.01333
d 0.20345 -0.07158 -0.01606
d 0.19945 -0.07158 -0.01782
d 0.19521 -0.07158 -0.01848
m 0.04927 0.05309 0.08624
d 0.04927 0.05309 0.08624
d 0.04927 0.04479 0.09085
d 0.04927 0.03612 0.09467
d 0.04927 0.02703 0.09770
d 0.04927 0.01776 0.09982
d 0.04927 0.00824 0.10109
d 0.04927 -0.00127 0.10145
d 0.04927 -0.01085 0.10091
d 0.04927 -0.02030 0.09945
d 0.04927 -0.02964 0.09709
d 0.04927 -0.03873 0.09388
d 0.04927 -0.04752 0.08982
d 0.04927 -0.05582 0.08497
m 0.04927 -0.08739 0.05067
d 0.04927 -0.08739 0.05067
d 0.04927 -0.09158 0.04291
d 0.04927 -0.09503 0.03473
d 0.04927 -0.09782 0.02636
d 0.04927 -0.09988 0.01770
d 0.04927 -0.10115 0.00891
d 0.04927 -0.10170 0.00006
d 0.04927 -0.10145 -0.00879
d 0.04927 -0.10048 -0.01764
d 0.04927 -0.09873 -0.02636
d 0.04927 -0.09618 -0.03497
d 0.04927 -0.09297 -0.04327
d 0.04927 -0.08897 -0.05127
m 0.04927 -0.05485 -0.08624
d 0.04927 -0.05485 -0.08624
d 0.04927 -0.04642 -0.09109
d 0.04927 -0.03758 -0.09509
d 0.04927 -0.02842 -0.09824
d 0.04927 -0.01897 -0.10055
d 0.04927 -0.00939 -0.10194
d 0.04927 0.00024 -0.10242
d 0.04927 0.00988 -0.10194
d 0.04927 0.01945 -0.10061
d 0.04927 0.02885 -0.09836
d 0.04927 0.03794 -0.09521
d 0.04927 0.04673 -0.09121
d 0.04927 0.05509 -0.08642
m -0.04855 0.05461 0.08624
d -0.04855 0.05461 0.08624
d -0.04855 0.04606 0.09091
d -0.04855 0.03715 0.09479
d -0.04855 0.02782 0.09776
d -0.04855 0.01830 0.09982
d -0.04855 0.00867 0.10097
d -0.04855 -0.00103 0.10121
d -0.04855 -0.01073 0.10048
d -0.04855 -0.02030 0.09885
d -0.04855 -0.02970 0.09630
d -0.04855 -0.03885 0.09285
d -0.04855 -0.04758 0.08855
d -0.04855 -0.05582 0.08345
m -0.04855 -0.08739 0.05170
d -0.04855 -0.08739 0.05170
d -0.04855 -0.09164 0.04382
d -0.04855 -0.09515 0.03564
d -0.04855 -0.09794 0.02715
d -0.04855 -0.10000 0.01848
d -0.04855 -0.10127 0.00964
d -0.04855 -0.10182 0.00073
d -0.04855 -0.10158 -0.00818
d -0.04855 -0.10055 -0.01703
d -0.04855 -0.09879 -0.02582
d -0.04855 -0.09624 -0.03442
d -0.04855 -0.09297 -0.04279
d -0.04855 -0.08897 -0.05079
m -0.04855 -0.05588 -0.08624
d -0.04855 -0.05588 -0.08624
d -0.04855 -0.04727 -0.09115
d -0.04855 -0.03830 -0.09521
d -0.04855 -0.02903 -0.09836
d -0.04855 -0.01945 -0.10067
d -0.04855 -0.00976 -0.10206
d -0.04855 0.00000 -0.10248
d -0.04855 0.00970 -0.10194
d -0.04855 0.01933 -0.10048
d -0.04855 0.02879 -0.09818
d -0.04855 0.03794 -0.09491
d -0.04855 0.04673 -0.09085
d -0.04855 0.05509 -0.08594
m -0.04848 -0.08952 -0.04927
d 0.04933 -0.08952 -0.05048
m 0.04945 -0.08952 0.05006
d -0.04788 -0.08952 0.05176
m -0.04842 -0.05582 0.08442
d 0.04836 -0.05606 0.08442
m 0.04915 0.05406 0.08442
d -0.04861 0.05333 0.08442
m -0.04891 -0.05582 -0.08624
d 0.04939 -0.05558 -0.08624
m 0.04915 0.05406 -0.08624
d -0.04861 0.05382 -0.08624
m -0.41176 -0.01727 -0.05594
d -0.41176 -0.01679 -0.05594
d -0.42539 -0.01582 -0.05285
d -0.43788 -0.01436 -0.04655
d -0.44855 -0.01291 -0.03727
d -0.45661 -0.01248 -0.02570
d -0.46164 -0.01200 -0.01242
d -0.46327 -0.01248 0.00170
d -0.46139 -0.01200 0.01588
d -0.45606 -0.01194 0.02921
d -0.44764 -0.01242 0.04091
d -0.43655 -0.01485 0.05024
d -0.42345 -0.01582 0.05655
d -0.40915 -0.01727 0.05952
d -0.30339 -0.03970 0.07024
d -0.28509 -0.04509 0.06770
d -0.26830 -0.05097 0.06024
d -0.26036 -0.05739 0.05321
d -0.25248 -0.06376 0.04376
d -0.24709 -0.07067 0.03327
d -0.24364 -0.07612 0.02230
d -0.24115 -0.07861 0.01133
d -0.24067 -0.07909 0.00339
d -0.24067 -0.07958 -0.00352
d -0.24115 -0.07958 -0.01200
d -0.24267 -0.07661 -0.02048
d -0.24964 -0.06721 -0.03588
d -0.25558 -0.06133 -0.04436
d -0.26200 -0.05588 -0.05182
d -0.27388 -0.04903 -0.06073
d -0.28570 -0.04461 -0.06618
d -0.29661 -0.04170 -0.06764
d -0.30103 -0.04018 -0.06764
d -0.41176 -0.01679 -0.05594
m -0.06848 0.09824 0.00006
d -0.23994 0.08048 0.00006
d -0.33673 0.06933 0.00006
d -0.40588 0.06127 0.00006
d -0.41582 0.06121 0.00006
d -0.42170 0.05921 0.00006
d -0.42667 0.05576 0.00006
d -0.43012 0.05030 0.00006
d -0.42812 0.04539 0.00006
d -0.45570 -0.00012 0.00006
d -0.46855 -0.00012 0.00006
d -0.46309 -0.01097 0.00006
m -0.24206 -0.08006 0.00006
d -0.04830 -0.10327 0.00006
d -0.00085 -0.10661 0.00006
d 0.04945 -0.10794 0.00006
d 0.08606 -0.10636 0.00006
d 0.11073 -0.10382 0.00006
d 0.14036 -0.09830 0.00006
d 0.19618 -0.08873 0.00006
m 0.26085 -0.05497 0.00006
d 0.21297 -0.07188 0.00006
d 0.21297 -0.07188 0.00006
d 0.21273 -0.07406 0.00006
d 0.21224 -0.07624 0.00006
d 0.21145 -0.07824 0.00006
d 0.21048 -0.08024 0.00006
d 0.20927 -0.08206 0.00006
d 0.20782 -0.08370 0.00006
d 0.20624 -0.08521 0.00006
d 0.20442 -0.08648 0.00006
d 0.20255 -0.08752 0.00006
d 0.20048 -0.08836 0.00006
d 0.19836 -0.08891 0.00006
d 0.19618 -0.08921 0.00006
m 0.26036 -0.05545 0.00006
d 0.26036 -0.04855 0.00006
d 0.26036 -0.04855 0.00006
d 0.25515 -0.04158 0.00006
d 0.25085 -0.03406 0.00006
d 0.24739 -0.02606 0.00006
d 0.24485 -0.01770 0.00006
d 0.24333 -0.00909 0.00006
d 0.24279 -0.00036 0.00006
d 0.24321 0.00830 0.00006
d 0.24473 0.01697 0.00006
d 0.24721 0.02539 0.00006
d 0.25061 0.03345 0.00006
d 0.25497 0.04115 0.00006
d 0.26018 0.04824 0.00006
d 0.26061 0.05764 0.00006
d 0.20673 0.07182 0.00006
m 0.26085 -0.00073 -0.05745
d 0.21339 -0.00073 -0.07182
d 0.21339 -0.00073 -0.07182
d 0.21321 -0.00073 -0.07412
d 0.21273 -0.00073 -0.07642
d 0.21200 -0.00073 -0.07861
d 0.21091 -0.00073 -0.08073
d 0.20964 -0.00073 -0.08267
d 0.20806 -0.00073 -0.08442
d 0.20636 -0.00073 -0.08594
d 0.20442 -0.00073 -0.08721
d 0.20236 -0.00073 -0.08824
d 0.20018 -0.00073 -0.08903
d 0.19788 -0.00073 -0.08952
d 0.19558 -0.00073 -0.08970
d 0.13527 -0.00073 -0.09703
d 0.09770 -0.00073 -0.10388
d 0.07152 -0.00073 -0.10533
d 0.04485 -0.00073 -0.10576
d 0.00333 -0.00073 -0.10521
d -0.41224 -0.00073 -0.06388
d -0.41224 -0.00073 -0.06388
d -0.42764 -0.00073 -0.06024
d -0.44176 -0.00073 -0.05297
d -0.45370 -0.00073 -0.04248
d -0.46273 -0.00073 -0.02933
d -0.46830 -0.00073 -0.01442
d -0.47006 -0.00073 0.00139
d -0.46794 -0.00073 0.01727
d -0.46200 -0.00073 0.03212
d -0.45267 -0.00073 0.04515
d -0.44036 -0.00073 0.05552
d -0.42594 -0.00073 0.06267
d -0.41012 -0.00073 0.06600
d -0.05079 -0.00073 0.10406
d 0.01588 -0.00073 0.10636
d 0.05497 -0.00073 0.10382
d 0.08806 -0.00073 0.10176
d 0.12958 -0.00073 0.09915
d 0.13800 -0.00073 0.09964
d 0.19582 -0.00073 0.08655
d 0.19582 -0.00073 0.08655
d 0.19782 -0.00073 0.08630
d 0.19982 -0.00073 0.08582
d 0.20176 -0.00073 0.08509
d 0.20358 -0.00073 0.08412
d 0.20521 -0.00073 0.08291
d 0.20667 -0.00073 0.08152
d 0.20800 -0.00073 0.07994
d 0.20909 -0.00073 0.07824
d 0.20994 -0.00073 0.07642
d 0.21061 -0.00073 0.07455
d 0.21097 -0.00073 0.07261
d 0.21109 -0.00073 0.07061
d 0.25952 -0.00073 0.05655
m 0.25988 -0.00073 -0.05745
d 0.25988 -0.00073 -0.04952
d 0.25988 -0.00073 -0.04952
d 0.25467 -0.00073 -0.04255
d 0.25024 -0.00073 -0.03503
d 0.24679 -0.00073 -0.02709
d 0.24424 -0.00073 -0.01873
d 0.24273 -0.00073 -0.01018
d 0.24224 -0.00073 -0.00145
d 0.24273 -0.00073 0.00715
d 0.24430 -0.00073 0.01576
d 0.24685 -0.00073 0.02406
d 0.25030 -0.00073 0.03206
d 0.25473 -0.00073 0.03964
d 0.26000 -0.00073 0.04655
d 0.26000 -0.00073 0.05552
m 0.25927 -0.00097 0.04782
d 0.25927 0.01279 0.04630
d 0.25927 0.02564 0.04091
d 0.25927 0.03642 0.03212
d 0.25927 0.04430 0.02061
d 0.25927 0.04861 0.00739
d 0.25927 0.04903 -0.00642
d 0.25927 0.04552 -0.01988
d 0.25927 0.03836 -0.03182
d 0.25927 0.02812 -0.04127
d 0.25927 0.01564 -0.04745
d 0.25927 0.00194 -0.04982
d 0.25927 -0.01182 -0.04824
d 0.25927 -0.02461 -0.04285
d 0.25927 -0.03539 -0.03412
d 0.25927 -0.04327 -0.02261
d 0.25927 -0.04764 -0.00939
d 0.25927 -0.04806 0.00442
d 0.25927 -0.04455 0.01794
d 0.25927 -0.03739 0.02982
d 0.25927 -0.02715 0.03927
d 0.25927 -0.01467 0.04545
d 0.25927 -0.00097 0.04782
m -0.15988 0.33618 0.34218
d -0.22055 0.27376 0.33497
d -0.09503 0.27261 0.33485
d -0.08764 0.27903 0.33558
d -0.06697 0.32012 0.34030
d -0.06800 0.32606 0.34103
d -0.06994 0.33048 0.34152
d -0.07442 0.33394 0.34194
d -0.07988 0.33539 0.34206
d -0.15939 0.33570 0.34212
m -0.10848 0.32394 0.34079
d -0.06697 0.32406 0.34079
m -0.13758 0.28139 0.33582
d -0.08618 0.28152 0.33588
m -0.15988 0.33570 0.35400
d -0.22055 0.27376 0.34721
d -0.09406 0.27261 0.34709
d -0.08764 0.27952 0.34788
d -0.08667 0.28103 0.34800
d -0.13758 0.28139 0.34806
d -0.14200 0.28333 0.34824
d -0.14400 0.28727 0.34873
d -0.14255 0.29176 0.34921
d -0.10897 0.32345 0.35267
d -0.06745 0.32406 0.35273
d -0.06994 0.33000 0.35339
d -0.07291 0.33297 0.35370
d -0.07691 0.33491 0.35388
d -0.15988 0.33570 0.35400
m -0.06794 0.32370 0.34012
d -0.06794 0.32315 0.35212
m -0.08618 0.28139 0.33473
d -0.08618 0.28091 0.34770
m -0.10800 0.32345 0.34103
d -0.09364 0.31709 0.34024
d -0.08873 0.31315 0.33976
d -0.08473 0.30867 0.33921
d -0.08424 0.30176 0.33836
d -0.08867 0.29485 0.33745
d -0.09703 0.28891 0.33673
d -0.10642 0.28491 0.33624
d -0.11976 0.28242 0.33594
d -0.13758 0.28188 0.33588
m -0.13806 0.28188 0.33588
d -0.14152 0.28333 0.33867
d -0.14400 0.28630 0.34121
d -0.14303 0.29073 0.34370
d -0.13661 0.29618 0.34764
d -0.13164 0.30164 0.35012
d -0.12479 0.30758 0.35012
d -0.11933 0.31352 0.34915
d -0.11339 0.31848 0.34661
d -0.10945 0.32248 0.34115
m -0.16139 0.33515 0.28697
d -0.22006 0.27376 0.29479
d -0.09455 0.27212 0.29503
d -0.08618 0.28103 0.29388
d -0.06745 0.31861 0.28909
d -0.06794 0.32406 0.28836
d -0.06994 0.32897 0.28776
d -0.07339 0.33297 0.28727
d -0.07933 0.33539 0.28697
d -0.16139 0.33515 0.28697
m -0.10897 0.32394 0.28842
d -0.14303 0.28976 0.29273
d -0.14400 0.28582 0.29327
d -0.14248 0.28333 0.29358
d -0.13855 0.28139 0.29382
d -0.08618 0.28103 0.29388
m -0.06794 0.32406 0.28836
d -0.10897 0.32345 0.28848
d -0.09564 0.31806 0.28915
d -0.08970 0.31461 0.28958
d -0.08473 0.31018 0.29018
d -0.08424 0.30230 0.29115
d -0.08867 0.29533 0.29206
d -0.09606 0.28939 0.29279
d -0.10739 0.28442 0.29345
d -0.12073 0.28242 0.29370
d -0.13261 0.28139 0.29382
m -0.16091 0.33564 0.27509
d -0.22103 0.27321 0.28515
d -0.09503 0.27212 0.28533
d -0.08618 0.28055 0.28400
d -0.13758 0.28139 0.28382
d -0.14152 0.28285 0.28358
d -0.14400 0.28582 0.28315
d -0.14248 0.29073 0.28230
d -0.10897 0.32297 0.27715
d -0.06794 0.32406 0.27697
d -0.06945 0.32848 0.27624
d -0.07291 0.33242 0.27558
d -0.07933 0.33491 0.27521
d -0.16091 0.33564 0.27509
m -0.06848 0.32418 0.27733
d -0.06848 0.32418 0.28830
m -0.08570 0.28139 0.28436
d -0.08570 0.28091 0.29382
m -0.10897 0.32467 0.27733
d -0.10897 0.32418 0.28782
m -0.10897 0.32315 0.34115
d -0.10897 0.32315 0.35261
m -0.10818 0.32418 0.28830
d -0.11558 0.31721 0.28333
d -0.12509 0.30824 0.28133
d -0.13145 0.30230 0.28133
d -0.14048 0.29382 0.28382
d -0.14418 0.29036 0.28582
d -0.14352 0.28539 0.28933
d -0.13606 0.28042 0.29382
m -0.12909 0.30279 0.35127
d -0.10782 0.30279 0.35121
d -0.09600 0.30279 0.34970
d -0.08709 0.30279 0.34570
d -0.08364 0.30279 0.33921
m -0.13115 0.30279 0.28103
d -0.10939 0.30279 0.28097
d -0.09903 0.30279 0.28242
d -0.09012 0.30279 0.28539
d -0.08418 0.30279 0.29091
m -0.16091 0.33564 -0.28776
d -0.22055 0.27376 -0.29467
d -0.09503 0.27212 -0.29485
d -0.08618 0.28055 -0.29388
d -0.13806 0.28139 -0.29382
d -0.11927 0.28242 -0.29370
d -0.10842 0.28442 -0.29345
d -0.09703 0.28891 -0.29297
d -0.08964 0.29485 -0.29230
d -0.08424 0.30279 -0.29139
d -0.08473 0.30970 -0.29067
d -0.09067 0.31509 -0.29006
d -0.09958 0.32000 -0.28952
d -0.10945 0.32345 -0.28915
d -0.06794 0.32406 -0.28903
d -0.06994 0.32897 -0.28848
d -0.07339 0.33345 -0.28800
d -0.07988 0.33539 -0.28782
d -0.16091 0.33515 -0.28782
m -0.06794 0.32406 -0.28903
d -0.06745 0.31964 -0.28958
d -0.08618 0.28055 -0.29388
m -0.16091 0.33564 -0.27715
d -0.22055 0.27376 -0.28448
d -0.09503 0.27212 -0.28467
d -0.08618 0.28055 -0.28370
d -0.13758 0.28139 -0.28358
d -0.14152 0.28285 -0.28339
d -0.14400 0.28582 -0.28303
d -0.14400 0.29073 -0.28248
d -0.10945 0.32345 -0.27861
d -0.06848 0.32406 -0.27855
d -0.07042 0.32952 -0.27788
d -0.07491 0.33291 -0.27745
d -0.07988 0.33539 -0.27721
d -0.16188 0.33515 -0.27721
m -0.06794 0.32418 -0.28945
d -0.06794 0.32418 -0.27848
m -0.16091 0.33515 -0.34485
d -0.22055 0.27321 -0.33515
d -0.09406 0.27261 -0.33503
d -0.08618 0.28055 -0.33630
d -0.06745 0.32012 -0.34248
d -0.06794 0.32455 -0.34321
d -0.06994 0.32897 -0.34388
d -0.07394 0.33291 -0.34455
d -0.07988 0.33491 -0.34485
d -0.16091 0.33515 -0.34485
m -0.06794 0.32406 -0.34315
d -0.10897 0.32345 -0.34303
d -0.09812 0.31903 -0.34236
d -0.09218 0.31606 -0.34188
d -0.08521 0.31018 -0.34097
d -0.08424 0.30230 -0.33970
d -0.08867 0.29533 -0.33861
d -0.09703 0.28891 -0.33758
d -0.10739 0.28442 -0.33691
d -0.12127 0.28242 -0.33655
d -0.13606 0.28139 -0.33642
d -0.08618 0.28006 -0.33618
m -0.16139 0.33515 -0.35509
d -0.22006 0.27327 -0.34679
d -0.09455 0.27212 -0.34661
d -0.08618 0.28103 -0.34782
d -0.13655 0.28139 -0.34788
d -0.14200 0.28333 -0.34812
d -0.14352 0.28533 -0.34836
d -0.14303 0.29024 -0.34903
d -0.10945 0.32345 -0.35352
d -0.06794 0.32406 -0.35358
d -0.06994 0.32952 -0.35430
d -0.07442 0.33291 -0.35479
d -0.08036 0.33491 -0.35503
d -0.16091 0.33564 -0.35515
m -0.06848 0.32370 -0.35327
d -0.06848 0.32370 -0.34333
m -0.10945 0.32370 -0.35382
d -0.10945 0.32370 -0.34285
m -0.10945 0.32370 -0.28848
d -0.10945 0.32370 -0.27903
m -0.08667 0.28091 -0.34727
d -0.08667 0.28091 -0.33630
m -0.08667 0.28042 -0.29339
d -0.08667 0.27994 -0.28394
m -0.10873 0.32370 -0.28848
d -0.11127 0.32115 -0.28600
d -0.11642 0.31618 -0.28345
d -0.12455 0.30824 -0.28200
d -0.13170 0.30127 -0.28145
d -0.14291 0.29036 -0.28345
d -0.14248 0.28388 -0.28594
d -0.14000 0.28188 -0.28842
d -0.13806 0.28042 -0.29291
m -0.10927 0.32315 -0.34382
d -0.11642 0.31618 -0.34879
d -0.12406 0.30873 -0.35030
d -0.13115 0.30182 -0.35030
d -0.14242 0.29085 -0.34679
d -0.14352 0.28539 -0.34327
d -0.14152 0.28242 -0.34079
d -0.13758 0.28042 -0.33630
m -0.13085 0.30224 -0.35042
d -0.11006 0.30224 -0.35048
d -0.09673 0.30224 -0.34897
d -0.08879 0.30224 -0.34600
d -0.08436 0.30224 -0.34006
m -0.13073 0.30224 -0.28121
d -0.10952 0.30224 -0.28121
d -0.09715 0.30224 -0.28224
d -0.08727 0.30224 -0.28576
d -0.08430 0.30224 -0.29127
m 0.01842 0.32479 0.31424
d -0.01248 0.26539 0.31424
d -0.01248 0.26539 0.31424
d -0.01424 0.26327 0.31424
d -0.01612 0.26127 0.31424
d -0.01812 0.25939 0.31424
d -0.02030 0.25770 0.31424
d -0.02261 0.25624 0.31424
d -0.02509 0.25491 0.31424
d -0.02758 0.25382 0.31424
d -0.03018 0.25291 0.31424
d -0.03291 0.25224 0.31424
d -0.03564 0.25176 0.31424
d -0.03836 0.25152 0.31424
d -0.04115 0.25152 0.31424
d -0.22345 0.25152 0.31424
d -0.22345 0.25152 0.31424
d -0.22509 0.24945 0.31424
d -0.22691 0.24758 0.31424
d -0.22885 0.24576 0.31424
d -0.23091 0.24418 0.31424
d -0.23309 0.24273 0.31424
d -0.23539 0.24152 0.31424
d -0.23776 0.24042 0.31424
d -0.24024 0.23958 0.31424
d -0.24279 0.23885 0.31424
d -0.24539 0.23842 0.31424
d -0.24800 0.23812 0.31424
d -0.25061 0.23806 0.31424
d -0.52042 0.23885 0.31424
d -0.52042 0.23885 0.31424
d -0.52218 0.23933 0.31424
d -0.52394 0.23994 0.31424
d -0.52564 0.24061 0.31424
d -0.52733 0.24145 0.31424
d -0.52891 0.24242 0.31424
d -0.53048 0.24345 0.31424
d -0.53194 0.24455 0.31424
d -0.53339 0.24582 0.31424
d -0.53473 0.24715 0.31424
d -0.53600 0.24855 0.31424
d -0.53715 0.25006 0.31424
d -0.53824 0.25164 0.31424
d -0.64248 0.25133 0.31424
d -0.67315 0.25370 0.31424
d -0.69788 0.25812 0.31424
d -0.72558 0.26842 0.31424
m 0.01891 0.32527 -0.31636
d -0.01352 0.26491 -0.31636
d -0.01352 0.26491 -0.31636
d -0.01503 0.26285 -0.31636
d -0.01673 0.26091 -0.31636
d -0.01861 0.25915 -0.31636
d -0.02061 0.25745 -0.31636
d -0.02273 0.25600 -0.31636
d -0.02497 0.25467 -0.31636
d -0.02733 0.25345 -0.31636
d -0.02976 0.25248 -0.31636
d -0.03224 0.25170 -0.31636
d -0.03485 0.25109 -0.31636
d -0.03745 0.25073 -0.31636
d -0.04012 0.25048 -0.31636
d -0.22345 0.25152 -0.31636
d -0.22345 0.25152 -0.31636
d -0.22509 0.24945 -0.31636
d -0.22685 0.24752 -0.31636
d -0.22873 0.24570 -0.31636
d -0.23079 0.24406 -0.31636
d -0.23297 0.24261 -0.31636
d -0.23527 0.24127 -0.31636
d -0.23764 0.24018 -0.31636
d -0.24012 0.23921 -0.31636
d -0.24273 0.23848 -0.31636
d -0.24533 0.23800 -0.31636
d -0.24794 0.23770 -0.31636
d -0.25061 0.23758 -0.31636
d -0.51994 0.23782 -0.31636
d -0.51994 0.23782 -0.31636
d -0.52176 0.23836 -0.31636
d -0.52358 0.23897 -0.31636
d -0.52539 0.23976 -0.31636
d -0.52709 0.24061 -0.31636
d -0.52879 0.24158 -0.31636
d -0.53036 0.24267 -0.31636
d -0.53188 0.24382 -0.31636
d -0.53333 0.24515 -0.31636
d -0.53473 0.24648 -0.31636
d -0.53600 0.24794 -0.31636
d -0.53715 0.24952 -0.31636
d -0.53824 0.25115 -0.31636
d -0.64248 0.25133 -0.31636
d -0.67164 0.25321 -0.31636
d -0.69733 0.25764 -0.31636
d -0.72558 0.26891 -0.31636
m -0.00291 0.33612 -0.34533
d -0.03752 0.27242 -0.33527
d -0.03752 0.27242 -0.33527
d -0.04018 0.26758 -0.33509
d -0.04279 0.26279 -0.33352
d -0.04509 0.25855 -0.33079
d -0.04697 0.25515 -0.32697
d -0.04818 0.25279 -0.32230
d -0.04879 0.25176 -0.31709
d -0.04861 0.25212 -0.31176
d -0.04764 0.25388 -0.30661
d -0.04594 0.25697 -0.30206
d -0.04364 0.26121 -0.29836
d -0.04085 0.26630 -0.29594
d -0.03782 0.27194 -0.29491
d -0.00321 0.33558 -0.28800
m -0.00345 0.33509 0.28679
d -0.03806 0.27145 0.29533
d -0.03806 0.27145 0.29533
d -0.04079 0.26642 0.29588
d -0.04339 0.26170 0.29776
d -0.04558 0.25764 0.30079
d -0.04733 0.25448 0.30485
d -0.04842 0.25242 0.30958
d -0.04879 0.25176 0.31473
d -0.04842 0.25248 0.31994
d -0.04727 0.25448 0.32479
d -0.04552 0.25776 0.32897
d -0.04315 0.26206 0.33218
d -0.04048 0.26709 0.33412
d -0.03752 0.27242 0.33473
d -0.00291 0.33612 0.34164
m -0.03770 0.27206 0.33461
d -0.64806 0.27206 0.33600
d -0.68218 0.27048 0.33358
d -0.71036 0.26915 0.32915
d -0.72224 0.26861 0.32073
d -0.72521 0.26842 0.31473
d -0.72273 0.26855 0.30927
d -0.70891 0.26921 0.30079
d -0.68321 0.27042 0.29873
d -0.64812 0.27206 0.29612
d -0.03818 0.27194 0.29527
m -0.03739 0.27194 -0.33570
d -0.64285 0.27194 -0.33582
d -0.67303 0.27073 -0.33176
d -0.71303 0.26897 -0.32467
d -0.72242 0.26855 -0.32018
d -0.72539 0.26836 -0.31570
d -0.71994 0.26861 -0.30873
d -0.71103 0.26903 -0.30479
d -0.66952 0.27091 -0.29491
d -0.64133 0.27218 -0.29200
d -0.03836 0.27170 -0.29533
m -0.53661 0.25115 -0.31612
d -0.52964 0.25558 -0.32212
d -0.52030 0.25691 -0.32515
d -0.51333 0.25691 -0.32667
d -0.25091 0.25691 -0.32673
d -0.23806 0.25642 -0.32576
d -0.22770 0.25497 -0.32182
d -0.22273 0.25097 -0.31582
d -0.22570 0.25297 -0.31036
d -0.23358 0.25539 -0.30733
d -0.24988 0.25691 -0.30430
d -0.51382 0.25691 -0.30473
d -0.51927 0.25612 -0.30521
d -0.52770 0.25612 -0.30715
d -0.53606 0.25115 -0.31564
m -0.53739 0.25115 0.31430
d -0.53194 0.25412 0.30885
d -0.52358 0.25612 0.30679
d -0.51715 0.25691 0.30533
d -0.24776 0.25691 0.30521
d -0.23491 0.25539 0.30618
d -0.22848 0.25442 0.30867
d -0.22303 0.25152 0.31461
d -0.22994 0.25442 0.32261
d -0.23539 0.25539 0.32358
d -0.24727 0.25691 0.32509
d -0.51612 0.25691 0.32473
d -0.52352 0.25612 0.32327
d -0.53145 0.25509 0.31976
d -0.53691 0.25115 0.31430
m -0.06855 0.32527 -0.35352
d -0.04582 0.32527 -0.35212
d -0.02752 0.32527 -0.35012
d -0.01915 0.32527 -0.34818
d -0.00921 0.32527 -0.34570
d 0.00109 0.32527 -0.34224
d 0.01145 0.32527 -0.33327
d 0.01594 0.32527 -0.32685
d 0.01891 0.32527 -0.31885
d 0.01939 0.32527 -0.31188
d 0.01497 0.32527 -0.30394
d 0.00903 0.32527 -0.29594
d 0.00261 0.32527 -0.28945
d -0.00473 0.32527 -0.28642
d -0.01509 0.32527 -0.28291
d -0.03091 0.32527 -0.28042
d -0.05067 0.32527 -0.27885
d -0.06800 0.32527 -0.27836
m -0.06800 0.32527 -0.28927
d 0.00212 0.32527 -0.28897
m -0.06806 0.32527 -0.34309
d -0.00576 0.32527 -0.34424
m -0.06836 0.32527 0.28885
d -0.00661 0.32527 0.28770
m -0.06782 0.32527 0.34067
d -0.00503 0.32527 0.34152
m -0.06836 0.32527 0.27691
d -0.05648 0.32527 0.27685
d -0.03721 0.32527 0.27830
d -0.02242 0.32527 0.28079
d -0.00855 0.32527 0.28721
d 0.00424 0.32527 0.29315
d 0.01267 0.32527 0.30115
d 0.01612 0.32527 0.31061
d 0.01709 0.32527 0.32103
d 0.01121 0.32527 0.33048
d 0.00382 0.32527 0.33752
d -0.00552 0.32527 0.34152
d -0.02976 0.32527 0.34855
d -0.06782 0.32527 0.35261
m -0.16552 0.35679 0.32255
d -0.16800 0.35673 0.32212
d -0.17018 0.35673 0.32097
d -0.17194 0.35673 0.31921
d -0.17309 0.35667 0.31697
d -0.17345 0.35667 0.31448
d -0.17309 0.35667 0.31200
d -0.17194 0.35673 0.30976
d -0.17012 0.35673 0.30800
d -0.16788 0.35673 0.30685
d -0.16539 0.35679 0.30648
d -0.16291 0.35679 0.30691
d -0.16073 0.35685 0.30806
d -0.15891 0.35685 0.30982
d -0.15782 0.35685 0.31206
d -0.15745 0.35685 0.31455
d -0.15782 0.35685 0.31703
d -0.15897 0.35685 0.31927
d -0.16079 0.35685 0.32103
d -0.16303 0.35679 0.32212
d -0.16552 0.35679 0.32255
d -0.49261 0.35291 0.32127
d -0.51933 0.35261 0.32012
d -0.53467 0.35242 0.31855
d -0.54006 0.35236 0.31503
d -0.53212 0.35248 0.31006
d -0.51085 0.35273 0.30764
d -0.49255 0.35291 0.30624
d -0.16491 0.35679 0.30648
m -0.16612 0.35679 -0.30752
d -0.16891 0.35673 -0.30782
d -0.17145 0.35673 -0.30897
d -0.17358 0.35667 -0.31085
d -0.17497 0.35667 -0.31333
d -0.17558 0.35667 -0.31606
d -0.17527 0.35667 -0.31891
d -0.17412 0.35667 -0.32145
d -0.17218 0.35673 -0.32358
d -0.16976 0.35673 -0.32497
d -0.16697 0.35679 -0.32552
d -0.16418 0.35679 -0.32521
d -0.16158 0.35685 -0.32406
d -0.15952 0.35685 -0.32218
d -0.15812 0.35685 -0.31976
d -0.15752 0.35685 -0.31697
d -0.15782 0.35685 -0.31418
d -0.15897 0.35685 -0.31158
d -0.16085 0.35685 -0.30945
d -0.16333 0.35679 -0.30806
d -0.16612 0.35679 -0.30752
d -0.48527 0.35303 -0.30818
d -0.52236 0.35255 -0.31139
d -0.53576 0.35242 -0.31345
d -0.54115 0.35236 -0.31648
d -0.53473 0.35242 -0.32000
d -0.50794 0.35273 -0.32382
d -0.48667 0.35297 -0.32473
d -0.16503 0.35679 -0.32552
m -0.17933 0.35661 0.32194
d -0.19224 0.35139 0.33188
d -0.54164 0.35158 0.32903
d -0.58121 0.35158 0.32636
d -0.60739 0.35158 0.32321
d -0.61976 0.35164 0.32012
d -0.62521 0.35164 0.31606
d -0.62515 0.35164 0.31158
d -0.61673 0.35164 0.30758
d -0.58109 0.35158 0.30127
d -0.54000 0.35158 0.29848
d -0.19061 0.35139 0.29782
d -0.17776 0.35636 0.30642
m -0.17848 0.35636 -0.30758
d -0.19036 0.35085 -0.29861
d -0.54176 0.35188 -0.30097
d -0.56552 0.35194 -0.30158
d -0.59515 0.35200 -0.30473
d -0.61442 0.35206 -0.30836
d -0.62430 0.35206 -0.31291
d -0.62430 0.35206 -0.31945
d -0.61285 0.35206 -0.32388
d -0.57576 0.35194 -0.33024
d -0.54206 0.35188 -0.33303
d -0.19121 0.35085 -0.33321
d -0.17636 0.35685 -0.32509
m -0.19327 0.35091 0.33188
d -0.21067 0.34297 0.34485
d -0.64418 0.34418 0.34406
d -0.72927 0.34436 0.33909
d -0.78364 0.34455 0.33279
d -0.81576 0.34461 0.32661
d -0.83255 0.34467 0.31952
d -0.83897 0.34467 0.31497
d -0.83842 0.34467 0.30891
d -0.82703 0.34467 0.30097
d -0.80770 0.34461 0.29606
d -0.78442 0.34455 0.29018
d -0.70618 0.34430 0.28509
d -0.64430 0.34418 0.28442
d -0.20588 0.34297 0.28673
d -0.19061 0.35091 0.29782
m -0.19139 0.35091 -0.29812
d -0.20927 0.34242 -0.28770
d -0.64376 0.34364 -0.28745
d -0.72636 0.34388 -0.29194
d -0.78279 0.34406 -0.29776
d -0.81194 0.34412 -0.30339
d -0.82873 0.34418 -0.30848
d -0.83764 0.34418 -0.31303
d -0.83806 0.34418 -0.32158
d -0.82467 0.34412 -0.32903
d -0.80382 0.34412 -0.33491
d -0.78303 0.34406 -0.33885
d -0.73255 0.34388 -0.34461
d -0.64345 0.34364 -0.34861
d -0.20945 0.34242 -0.34430
d -0.19218 0.35139 -0.33321
m -0.16127 0.33570 -0.28794
d -0.64376 0.33679 -0.28945
d -0.71697 0.33691 -0.29036
d -0.75806 0.33703 -0.29406
d -0.78327 0.33952 -0.29673
d -0.81242 0.34176 -0.30242
d -0.82776 0.34291 -0.30697
d -0.83764 0.34370 -0.31255
d -0.83806 0.34370 -0.32261
d -0.82515 0.34273 -0.32952
d -0.80236 0.34097 -0.33642
d -0.78103 0.33933 -0.34030
d -0.75479 0.33733 -0.34321
d -0.72164 0.33648 -0.34655
d -0.64394 0.33648 -0.35012
d -0.16291 0.33618 -0.34558
m -0.15915 0.33618 0.34261
d -0.64467 0.33648 0.34503
d -0.72776 0.33648 0.34109
d -0.75994 0.33655 0.33891
d -0.78515 0.33927 0.33479
d -0.81382 0.34170 0.32861
d -0.83061 0.34315 0.32200
d -0.83897 0.34388 0.31545
d -0.83848 0.34382 0.30945
d -0.82600 0.34279 0.29897
d -0.78291 0.33909 0.28818
d -0.75867 0.33703 0.28679
d -0.70964 0.33648 0.28406
d -0.64333 0.33636 0.28188
d -0.16085 0.33564 0.28697
m -0.62491 0.35170 0.31412
d -0.76182 0.35230 0.31412
d -0.82061 0.34818 0.31412
d -0.83788 0.34467 0.31412
d -0.98564 0.34430 0.31412
m -0.62491 0.35170 -0.31642
d -0.76327 0.35182 -0.31642
d -0.82012 0.34770 -0.31642
d -0.83788 0.34467 -0.31642
d -0.98661 0.34430 -0.31642
m -0.97424 0.33242 -0.31642
d -0.97667 0.32800 -0.31642
d -0.91030 0.25109 -0.31642
d -0.90436 0.25061 -0.31642
d -0.87873 0.26006 -0.31642
d -0.85255 0.26412 -0.31642
d -0.81794 0.26812 -0.31642
d -0.72503 0.26842 -0.31642
m -0.81697 0.26812 -0.31642
d -0.91333 0.26836 -0.31642
d -0.97376 0.33242 -0.31642
m -0.97327 0.33242 0.31430
d -0.97618 0.32800 0.31430
d -0.90933 0.25061 0.31430
d -0.90436 0.25061 0.31430
d -0.87873 0.26006 0.31430
d -0.85158 0.26412 0.31430
d -0.81897 0.26812 0.31430
d -0.72606 0.26842 0.31430
m -0.81994 0.26812 0.31430
d -0.91333 0.26836 0.31430
d -0.97327 0.33194 0.31430
m -0.98552 0.34315 0.31406
d -0.98309 0.34061 0.30812
d -0.97782 0.33515 0.30467
d -0.92152 0.27636 0.30030
d -0.91436 0.26897 0.30527
d -0.91297 0.26752 0.31273
d -0.91352 0.26806 0.32073
d -0.91685 0.27158 0.32867
d -0.97745 0.33473 0.32455
d -0.98224 0.33970 0.32109
d -0.98503 0.34267 0.31406
m -0.98624 0.34388 -0.31952
d -0.98479 0.34236 -0.32345
d -0.98285 0.34036 -0.32594
d -0.91982 0.27467 -0.33079
d -0.91461 0.26921 -0.32582
d -0.91273 0.26727 -0.31685
d -0.91424 0.26879 -0.30842
d -0.91903 0.27382 -0.30194
d -0.98061 0.33800 -0.30903
d -0.98436 0.34194 -0.31303
d -0.98624 0.34388 -0.31848
m -0.74321 0.29109 -0.34303
d -0.74915 0.29109 -0.35103
d -0.93352 0.29103 -0.35206
d -0.95273 0.29103 -0.31618
d -0.93497 0.29103 -0.31673
d -0.93400 0.29103 -0.32467
d -0.85442 0.29103 -0.33685
d -0.79315 0.29103 -0.34145
d -0.74273 0.29109 -0.34303
m -0.74394 0.29109 0.34812
d -0.75036 0.29109 0.35612
d -0.93376 0.29103 0.35703
d -0.95703 0.29103 0.31424
d -0.93430 0.29103 0.31370
d -0.93327 0.29103 0.33212
d -0.88782 0.29103 0.34103
d -0.81709 0.29103 0.34630
d -0.74394 0.29109 0.34812
m -0.15745 0.34606 -0.31636
d -0.00030 0.34697 -0.31636
d -0.00030 0.34697 -0.31636
d 0.00218 0.34697 -0.31636
d 0.00479 0.34655 -0.31636
d 0.00727 0.34576 -0.31636
d 0.00964 0.34455 -0.31636
d 0.01182 0.34303 -0.31636
d 0.01382 0.34121 -0.31636
d 0.01545 0.33909 -0.31636
d 0.01685 0.33673 -0.31636
d 0.01782 0.33412 -0.31636
d 0.01842 0.33139 -0.31636
d 0.01867 0.32861 -0.31636
d 0.01842 0.32576 -0.31636
m -0.15648 0.34606 0.31424
d 0.00012 0.34648 0.31424
d 0.00012 0.34648 0.31424
d 0.00261 0.34648 0.31424
d 0.00515 0.34612 0.31424
d 0.00758 0.34533 0.31424
d 0.00994 0.34418 0.31424
d 0.01212 0.34273 0.31424
d 0.01412 0.34091 0.31424
d 0.01582 0.33879 0.31424
d 0.01721 0.33636 0.31424
d 0.01824 0.33382 0.31424
d 0.01891 0.33103 0.31424
d 0.01915 0.32818 0.31424
d 0.01891 0.32527 0.31424
m -0.00273 0.33661 0.34164
d -0.00273 0.33661 0.34164
d -0.00109 0.33976 0.33770
d 0.00024 0.34236 0.33339
d 0.00133 0.34442 0.32879
d 0.00212 0.34594 0.32400
d 0.00261 0.34685 0.31909
d 0.00279 0.34715 0.31406
d 0.00261 0.34685 0.30909
d 0.00212 0.34594 0.30418
d 0.00133 0.34442 0.29945
d 0.00024 0.34230 0.29491
d -0.00109 0.33970 0.29067
d -0.00273 0.33661 0.28679
m -0.00273 0.33661 -0.28848
d -0.00273 0.33661 -0.28848
d -0.00085 0.34018 -0.29242
d 0.00067 0.34321 -0.29685
d 0.00194 0.34564 -0.30164
d 0.00291 0.34733 -0.30667
d 0.00345 0.34836 -0.31194
d 0.00358 0.34867 -0.31727
d 0.00339 0.34830 -0.32261
d 0.00279 0.34715 -0.32782
d 0.00182 0.34533 -0.33285
d 0.00048 0.34285 -0.33758
d -0.00109 0.33976 -0.34194
d -0.00297 0.33612 -0.34582
m -0.01545 0.26145 -0.31636
d -0.01945 0.26788 -0.30279
d 0.00855 0.32479 -0.29915
m -0.20145 0.34545 -0.29782
d -0.00776 0.34594 -0.29782
d -0.00776 0.34594 -0.29782
d -0.00527 0.34582 -0.29782
d -0.00285 0.34527 -0.29782
d -0.00055 0.34436 -0.29788
d 0.00152 0.34315 -0.29800
d 0.00352 0.34158 -0.29806
d 0.00521 0.33976 -0.29818
d 0.00667 0.33770 -0.29830
d 0.00776 0.33539 -0.29848
d 0.00855 0.33297 -0.29861
d 0.00891 0.33042 -0.29879
d 0.00897 0.32782 -0.29897
d 0.00855 0.32527 -0.29915
m -0.20091 0.34545 -0.33521
d -0.00824 0.34594 -0.33521
d -0.00824 0.34594 -0.33521
d -0.00570 0.34582 -0.33521
d -0.00321 0.34533 -0.33515
d -0.00079 0.34442 -0.33509
d 0.00133 0.34315 -0.33497
d 0.00339 0.34152 -0.33485
d 0.00509 0.33964 -0.33473
d 0.00655 0.33745 -0.33455
d 0.00764 0.33509 -0.33430
d 0.00836 0.33261 -0.33412
d 0.00867 0.33000 -0.33388
d 0.00855 0.32733 -0.33370
d 0.00806 0.32479 -0.33345
d -0.01891 0.26739 -0.32861
d -0.01545 0.26103 -0.31582
m -0.20091 0.34545 0.29564
d -0.00824 0.34594 0.29558
d -0.00824 0.34594 0.29558
d -0.00576 0.34582 0.29564
d -0.00333 0.34533 0.29564
d -0.00103 0.34442 0.29576
d 0.00103 0.34321 0.29588
d 0.00303 0.34170 0.29606
d 0.00473 0.33994 0.29630
d 0.00618 0.33788 0.29648
d 0.00727 0.33564 0.29679
d 0.00800 0.33327 0.29703
d 0.00842 0.33079 0.29733
d 0.00842 0.32824 0.29758
d 0.00806 0.32576 0.29788
d -0.01945 0.26739 0.30448
d -0.01545 0.26200 0.31479
m -0.20091 0.34545 0.33255
d -0.00824 0.34594 0.33261
d -0.00824 0.34594 0.33261
d -0.00570 0.34582 0.33261
d -0.00321 0.34521 0.33255
d -0.00085 0.34430 0.33248
d 0.00133 0.34297 0.33242
d 0.00327 0.34133 0.33236
d 0.00497 0.33945 0.33224
d 0.00636 0.33727 0.33218
d 0.00739 0.33491 0.33206
d 0.00800 0.33242 0.33188
d 0.00824 0.32988 0.33176
d 0.00812 0.32727 0.33164
d 0.00758 0.32479 0.33152
d -0.01891 0.26788 0.32861
d -0.01594 0.26248 0.31527
m -0.18018 0.35388 -0.32655
d -0.02552 0.35430 -0.32612
d -0.01812 0.35236 -0.32830
d -0.01418 0.35042 -0.33048
d -0.01018 0.34594 -0.33545
m -0.18267 0.35388 -0.30636
d -0.02600 0.35430 -0.30679
d -0.01958 0.35285 -0.30533
d -0.01515 0.35091 -0.30333
d -0.01067 0.34594 -0.29836
m -0.18267 0.35388 0.30497
d -0.02600 0.35430 0.30552
d -0.02061 0.35333 0.30430
d -0.01564 0.35139 0.30188
d -0.01067 0.34594 0.29515
m -0.18364 0.35388 0.32424
d -0.02600 0.35430 0.32382
d -0.02109 0.35333 0.32473
d -0.01564 0.35139 0.32661
d -0.01067 0.34545 0.33224
m -0.53576 0.24370 0.30679
d -0.19145 0.07273 0.05745
d -0.19594 0.06776 0.05024
m -0.33018 0.24327 0.30618
d -0.11442 0.09018 0.08297
d -0.09909 0.08285 0.07224
d -0.07830 0.07794 0.06515
m -0.55012 0.25206 0.30188
d -0.19097 0.07218 0.04442
d -0.19539 0.07024 0.04158
m -0.34358 0.25267 0.30273
d -0.11739 0.08970 0.06945
d -0.09812 0.08036 0.05606
d -0.08376 0.07697 0.05121
m -0.54958 0.25158 -0.30279
d -0.19145 0.07273 -0.04236
d -0.19642 0.06970 -0.03800
m -0.34358 0.25267 -0.30430
d -0.11242 0.08921 -0.06642
d -0.09861 0.08285 -0.05709
d -0.07885 0.07794 -0.05000
m -0.53576 0.24370 -0.30491
d -0.19194 0.07273 -0.05709
d -0.19539 0.06824 -0.05061
m -0.33218 0.24430 -0.30576
d -0.11691 0.08970 -0.08176
d -0.09812 0.08036 -0.06818
d -0.08376 0.07697 -0.06321
m -0.39812 0.00036 0.05212
d -0.39812 0.00036 0.05212
d -0.41279 0.00036 0.05170
d -0.42679 0.00036 0.04721
d -0.43903 0.00036 0.03909
d -0.44867 0.00036 0.02788
d -0.45485 0.00036 0.01442
d -0.45715 0.00036 -0.00018
d -0.45533 0.00036 -0.01497
d -0.44952 0.00036 -0.02873
d -0.44012 0.00036 -0.04042
d -0.42788 0.00036 -0.04915
d -0.41364 0.00036 -0.05412
d -0.39855 0.00036 -0.05509
d -0.41903 0.04539 -0.01909
m -0.39909 -0.00109 0.05164
d -0.41479 0.04539 0.01897
d -0.41479 0.04539 0.01897
d -0.41788 0.04539 0.01697
d -0.42061 0.04539 0.01448
d -0.42291 0.04539 0.01158
d -0.42473 0.04539 0.00836
d -0.42606 0.04539 0.00485
d -0.42679 0.04539 0.00109
d -0.42691 0.04539 -0.00267
d -0.42636 0.04539 -0.00642
d -0.42527 0.04539 -0.01012
d -0.42358 0.04539 -0.01364
d -0.42127 0.04539 -0.01679
d -0.41855 0.04539 -0.01964
m -0.41976 0.04982 0.02042
d -0.41976 0.04982 0.02042
d -0.42267 0.04982 0.01788
d -0.42521 0.04982 0.01491
d -0.42727 0.04982 0.01158
d -0.42885 0.04982 0.00794
d -0.42988 0.04982 0.00418
d -0.43036 0.04982 0.00024
d -0.43024 0.04982 -0.00364
d -0.42958 0.04982 -0.00758
d -0.42836 0.04982 -0.01133
d -0.42655 0.04982 -0.01491
d -0.42424 0.04982 -0.01818
d -0.42152 0.04982 -0.02115
m -0.42133 0.04976 0.02000
d -0.42133 0.04976 0.02000
d -0.42067 0.04806 0.02521
d -0.41982 0.04582 0.03024
d -0.41867 0.04309 0.03509
d -0.41739 0.03982 0.03970
d -0.41588 0.03606 0.04400
d -0.41418 0.03188 0.04794
d -0.41230 0.02721 0.05145
d -0.41030 0.02218 0.05448
d -0.40812 0.01685 0.05709
d -0.40582 0.01121 0.05909
d -0.40679 0.00527 0.06055
d -0.41273 -0.00073 0.06145
m -0.41418 -0.00097 -0.06345
d -0.41218 -0.00097 -0.06345
d -0.40727 0.00509 -0.06242
d -0.40576 0.01103 -0.06085
d -0.40806 0.01667 -0.05873
d -0.41024 0.02206 -0.05606
d -0.41224 0.02709 -0.05297
d -0.41412 0.03170 -0.04939
d -0.41576 0.03588 -0.04545
d -0.41727 0.03958 -0.04115
d -0.41861 0.04285 -0.03661
d -0.41970 0.04558 -0.03182
d -0.42061 0.04782 -0.02685
d -0.42127 0.04952 -0.02170
m -0.44018 -0.00006 -0.04030
d -0.41952 0.04588 -0.01709
m -0.41921 0.04588 0.01642
d -0.44012 -0.00006 0.03836
m -0.36715 0.20909 0.26467
d -0.44721 0.20885 0.26430
d -0.25976 0.11455 0.12721
d -0.23800 0.11455 0.12727
d -0.36770 0.20909 0.26467
m -0.36770 0.20909 -0.26473
d -0.44721 0.20885 -0.26442
d -0.25976 0.11455 -0.12879
d -0.23848 0.11455 -0.12885
d -0.36770 0.20909 -0.26473
m 0.20624 0.07182 0.00588
d 0.19539 0.07527 0.00588
d 0.14097 0.09782 0.00588
d 0.20667 0.09309 0.00588
m 0.20624 0.07182 -0.01055
d 0.19539 0.07527 -0.01055
d 0.14048 0.09782 -0.01055
d 0.20667 0.09309 -0.01055
e
